Nome File,Verifica,Stato
9nnn _J.002_028_PE_AR_M3_01_00,Verifica negativa; si rimanda al Report di Verifica,0